
============================================================
Part I – Total Runtime: naive
============================================================
p                  1         2         4         8         16        32
n                                                                      
2        6.000000e-08       NaN       NaN       NaN       NaN       NaN
4        5.000000e-08  0.000578       NaN       NaN       NaN       NaN
8        6.000000e-08  0.001019  0.000556       NaN       NaN       NaN
16       5.000000e-08  0.001081  0.001093  0.000536       NaN       NaN
32       6.000000e-08  0.001100  0.001084  0.001086  0.000565       NaN
64       6.000000e-08  0.001091  0.001089  0.000335  0.000631  0.001028
128      8.000000e-08  0.001092  0.001085  0.001101  0.001005  0.001190
256      1.200000e-07  0.001088  0.001094  0.001091  0.001129  0.001198
512      1.700000e-07  0.001085  0.001088  0.001095  0.001122  0.001216
1024     3.000000e-07  0.001091  0.001093  0.001094  0.001128  0.001200
2048     5.400000e-07  0.001084  0.001087  0.001093  0.001119  0.001210
4096     1.040000e-06  0.001096  0.001085  0.001089  0.001116  0.001213
8192     2.030000e-06  0.001091  0.001087  0.001090  0.001117  0.001188
16384    4.010000e-06  0.001086  0.001084  0.001092  0.001119  0.001195
32768    7.960000e-06  0.001099  0.001079  0.001082  0.001118  0.001195
65536    1.587000e-05  0.001093  0.001086  0.001089  0.001118  0.001201
131072   3.171100e-05  0.001108  0.001093  0.001091  0.001120  0.001203
262144   6.341300e-05  0.001123  0.001103  0.001099  0.001129  0.001204
524288   1.266640e-04  0.001166  0.001108  0.001111  0.001131  0.001207
1048576  2.531990e-04  0.001223  0.001109  0.001121  0.001134  0.001208


============================================================
Part I – Total Speedup: naive
============================================================
p         1         2         4         8         16        32
n                                                             
2        1.0       NaN       NaN       NaN       NaN       NaN
4        1.0  0.000087       NaN       NaN       NaN       NaN
8        1.0  0.000059  0.000108       NaN       NaN       NaN
16       1.0  0.000046  0.000046  0.000093       NaN       NaN
32       1.0  0.000055  0.000055  0.000055  0.000106       NaN
64       1.0  0.000055  0.000055  0.000179  0.000095  0.000058
128      1.0  0.000073  0.000074  0.000073  0.000080  0.000067
256      1.0  0.000110  0.000110  0.000110  0.000106  0.000100
512      1.0  0.000157  0.000156  0.000155  0.000152  0.000140
1024     1.0  0.000275  0.000275  0.000274  0.000266  0.000250
2048     1.0  0.000498  0.000497  0.000494  0.000483  0.000446
4096     1.0  0.000949  0.000958  0.000955  0.000932  0.000858
8192     1.0  0.001860  0.001867  0.001862  0.001817  0.001709
16384    1.0  0.003691  0.003698  0.003673  0.003582  0.003356
32768    1.0  0.007246  0.007378  0.007358  0.007119  0.006659
65536    1.0  0.014521  0.014617  0.014567  0.014196  0.013213
131072   1.0  0.028626  0.029002  0.029071  0.028314  0.026369
262144   1.0  0.056472  0.057493  0.057705  0.056190  0.052665
524288   1.0  0.108616  0.114308  0.114015  0.111950  0.104938
1048576  1.0  0.206955  0.228374  0.225848  0.223357  0.209515


============================================================
Part I – Total Efficiency: naive
============================================================
p         1         2         4         8         16        32
n                                                             
2        1.0       NaN       NaN       NaN       NaN       NaN
4        1.0  0.000043       NaN       NaN       NaN       NaN
8        1.0  0.000029  0.000027       NaN       NaN       NaN
16       1.0  0.000023  0.000011  0.000012       NaN       NaN
32       1.0  0.000027  0.000014  0.000007  0.000007       NaN
64       1.0  0.000027  0.000014  0.000022  0.000006  0.000002
128      1.0  0.000037  0.000018  0.000009  0.000005  0.000002
256      1.0  0.000055  0.000027  0.000014  0.000007  0.000003
512      1.0  0.000078  0.000039  0.000019  0.000009  0.000004
1024     1.0  0.000137  0.000069  0.000034  0.000017  0.000008
2048     1.0  0.000249  0.000124  0.000062  0.000030  0.000014
4096     1.0  0.000475  0.000240  0.000119  0.000058  0.000027
8192     1.0  0.000930  0.000467  0.000233  0.000114  0.000053
16384    1.0  0.001846  0.000924  0.000459  0.000224  0.000105
32768    1.0  0.003623  0.001845  0.000920  0.000445  0.000208
65536    1.0  0.007261  0.003654  0.001821  0.000887  0.000413
131072   1.0  0.014313  0.007251  0.003634  0.001770  0.000824
262144   1.0  0.028236  0.014373  0.007213  0.003512  0.001646
524288   1.0  0.054308  0.028577  0.014252  0.006997  0.003279
1048576  1.0  0.103478  0.057093  0.028231  0.013960  0.006547


============================================================
Part I – Total Runtime: cube
============================================================
p                  1         2         4         8         16        32
n                                                                      
2        6.000000e-08       NaN       NaN       NaN       NaN       NaN
4        5.000000e-08  0.000552       NaN       NaN       NaN       NaN
8        6.000000e-08  0.000552  0.000552       NaN       NaN       NaN
16       6.000000e-08  0.000551  0.000556  0.000551       NaN       NaN
32       6.000000e-08  0.000553  0.000553  0.000558  0.000553       NaN
64       6.000000e-08  0.000556  0.000560  0.000549  0.000554  0.000574
128      8.000000e-08  0.000550  0.000553  0.000545  0.000554  0.000568
256      1.100000e-07  0.000551  0.000552  0.000555  0.000554  0.000571
512      1.800000e-07  0.000551  0.000549  0.000553  0.000555  0.000570
1024     3.000000e-07  0.000551  0.000549  0.000555  0.000554  0.000568
2048     5.500000e-07  0.000555  0.000558  0.000554  0.000560  0.000572
4096     1.040000e-06  0.000551  0.000554  0.000553  0.000556  0.000565
8192     2.030000e-06  0.000550  0.000555  0.000550  0.000554  0.000569
16384    4.010000e-06  0.000555  0.000551  0.000554  0.000564  0.000563
32768    7.970000e-06  0.000554  0.000550  0.000555  0.000555  0.000567
65536    1.587000e-05  0.000561  0.000552  0.000550  0.000552  0.000564
131072   3.168100e-05  0.000567  0.000560  0.000558  0.000558  0.000568
262144   6.333200e-05  0.000580  0.000567  0.000562  0.000561  0.000569
524288   1.266950e-04  0.000626  0.000594  0.000565  0.000560  0.000573
1048576  2.532790e-04  0.000680  0.000622  0.000581  0.000573  0.000572


============================================================
Part I – Total Speedup: cube
============================================================
p         1         2         4         8         16        32
n                                                             
2        1.0       NaN       NaN       NaN       NaN       NaN
4        1.0  0.000091       NaN       NaN       NaN       NaN
8        1.0  0.000109  0.000109       NaN       NaN       NaN
16       1.0  0.000109  0.000108  0.000109       NaN       NaN
32       1.0  0.000108  0.000109  0.000107  0.000108       NaN
64       1.0  0.000108  0.000107  0.000109  0.000108  0.000105
128      1.0  0.000145  0.000145  0.000147  0.000144  0.000141
256      1.0  0.000200  0.000199  0.000198  0.000199  0.000193
512      1.0  0.000327  0.000328  0.000326  0.000324  0.000316
1024     1.0  0.000545  0.000546  0.000541  0.000542  0.000529
2048     1.0  0.000991  0.000986  0.000993  0.000982  0.000961
4096     1.0  0.001887  0.001877  0.001879  0.001871  0.001839
8192     1.0  0.003688  0.003655  0.003693  0.003665  0.003567
16384    1.0  0.007224  0.007284  0.007242  0.007104  0.007128
32768    1.0  0.014378  0.014496  0.014356  0.014350  0.014045
65536    1.0  0.028279  0.028745  0.028855  0.028736  0.028128
131072   1.0  0.055858  0.056578  0.056795  0.056736  0.055740
262144   1.0  0.109257  0.111730  0.112731  0.112791  0.111216
524288   1.0  0.202432  0.213316  0.224143  0.226367  0.221255
1048576  1.0  0.372348  0.407298  0.435982  0.442060  0.442811


============================================================
Part I – Total Efficiency: cube
============================================================
p         1         2         4         8         16        32
n                                                             
2        1.0       NaN       NaN       NaN       NaN       NaN
4        1.0  0.000045       NaN       NaN       NaN       NaN
8        1.0  0.000054  0.000027       NaN       NaN       NaN
16       1.0  0.000054  0.000027  0.000014       NaN       NaN
32       1.0  0.000054  0.000027  0.000013  0.000007       NaN
64       1.0  0.000054  0.000027  0.000014  0.000007  0.000003
128      1.0  0.000073  0.000036  0.000018  0.000009  0.000004
256      1.0  0.000100  0.000050  0.000025  0.000012  0.000006
512      1.0  0.000163  0.000082  0.000041  0.000020  0.000010
1024     1.0  0.000272  0.000137  0.000068  0.000034  0.000017
2048     1.0  0.000495  0.000247  0.000124  0.000061  0.000030
4096     1.0  0.000944  0.000469  0.000235  0.000117  0.000057
8192     1.0  0.001844  0.000914  0.000462  0.000229  0.000111
16384    1.0  0.003612  0.001821  0.000905  0.000444  0.000223
32768    1.0  0.007189  0.003624  0.001794  0.000897  0.000439
65536    1.0  0.014140  0.007186  0.003607  0.001796  0.000879
131072   1.0  0.027929  0.014145  0.007099  0.003546  0.001742
262144   1.0  0.054629  0.027933  0.014091  0.007049  0.003476
524288   1.0  0.101216  0.053329  0.028018  0.014148  0.006914
1048576  1.0  0.186174  0.101824  0.054498  0.027629  0.013838


============================================================
Part I – Total Runtime: mpi
============================================================
p                  1         2         4         8         16        32
n                                                                      
2        6.000000e-08       NaN       NaN       NaN       NaN       NaN
4        6.000000e-08  0.000554       NaN       NaN       NaN       NaN
8        7.000000e-08  0.000554  0.000547       NaN       NaN       NaN
16       6.000000e-08  0.000553  0.000548  0.000547       NaN       NaN
32       7.000000e-08  0.000553  0.000549  0.000550  0.000559       NaN
64       7.000000e-08  0.000552  0.000366  0.000551  0.000568  0.000540
128      9.000000e-08  0.000560  0.000551  0.000445  0.000568  0.000551
256      1.200000e-07  0.000560  0.000544  0.000548  0.000563  0.000545
512      1.900000e-07  0.000551  0.000549  0.000550  0.000559  0.000540
1024     3.100000e-07  0.000553  0.000552  0.000549  0.000556  0.000550
2048     5.500000e-07  0.000554  0.000544  0.000550  0.000568  0.000551
4096     1.060000e-06  0.000553  0.000548  0.000551  0.000568  0.000556
8192     2.040000e-06  0.000552  0.000544  0.000551  0.000565  0.000549
16384    4.021000e-06  0.000554  0.000551  0.000550  0.000567  0.000544
32768    7.980000e-06  0.000557  0.000550  0.000555  0.000560  0.000548
65536    1.588100e-05  0.000559  0.000561  0.000553  0.000575  0.000549
131072   3.173200e-05  0.000568  0.000555  0.000553  0.000562  0.000552
262144   6.336300e-05  0.000581  0.000565  0.000560  0.000564  0.000552
524288   1.267540e-04  0.000623  0.000577  0.000566  0.000569  0.000549
1048576  2.536390e-04  0.000679  0.000608  0.000582  0.000589  0.000562


============================================================
Part I – Total Speedup: mpi
============================================================
p         1         2         4         8         16        32
n                                                             
2        1.0       NaN       NaN       NaN       NaN       NaN
4        1.0  0.000108       NaN       NaN       NaN       NaN
8        1.0  0.000126  0.000128       NaN       NaN       NaN
16       1.0  0.000108  0.000110  0.000110       NaN       NaN
32       1.0  0.000127  0.000127  0.000127  0.000125       NaN
64       1.0  0.000127  0.000191  0.000127  0.000123  0.000130
128      1.0  0.000161  0.000163  0.000202  0.000158  0.000163
256      1.0  0.000214  0.000220  0.000219  0.000213  0.000220
512      1.0  0.000345  0.000346  0.000346  0.000340  0.000352
1024     1.0  0.000561  0.000562  0.000565  0.000557  0.000564
2048     1.0  0.000993  0.001011  0.001000  0.000968  0.000999
4096     1.0  0.001917  0.001933  0.001923  0.001867  0.001905
8192     1.0  0.003693  0.003747  0.003699  0.003611  0.003717
16384    1.0  0.007252  0.007299  0.007307  0.007086  0.007387
32768    1.0  0.014339  0.014520  0.014378  0.014253  0.014554
65536    1.0  0.028428  0.028332  0.028730  0.027606  0.028924
131072   1.0  0.055879  0.057197  0.057396  0.056480  0.057517
262144   1.0  0.109077  0.112213  0.113166  0.112304  0.114807
524288   1.0  0.203460  0.219822  0.223947  0.222685  0.230866
1048576  1.0  0.373392  0.417203  0.435521  0.430866  0.451260


============================================================
Part I – Total Efficiency: mpi
============================================================
p         1         2         4         8         16        32
n                                                             
2        1.0       NaN       NaN       NaN       NaN       NaN
4        1.0  0.000054       NaN       NaN       NaN       NaN
8        1.0  0.000063  0.000032       NaN       NaN       NaN
16       1.0  0.000054  0.000027  0.000014       NaN       NaN
32       1.0  0.000063  0.000032  0.000016  0.000008       NaN
64       1.0  0.000063  0.000048  0.000016  0.000008  0.000004
128      1.0  0.000080  0.000041  0.000025  0.000010  0.000005
256      1.0  0.000107  0.000055  0.000027  0.000013  0.000007
512      1.0  0.000172  0.000087  0.000043  0.000021  0.000011
1024     1.0  0.000281  0.000140  0.000071  0.000035  0.000018
2048     1.0  0.000497  0.000253  0.000125  0.000060  0.000031
4096     1.0  0.000958  0.000483  0.000240  0.000117  0.000060
8192     1.0  0.001846  0.000937  0.000462  0.000226  0.000116
16384    1.0  0.003626  0.001825  0.000913  0.000443  0.000231
32768    1.0  0.007170  0.003630  0.001797  0.000891  0.000455
65536    1.0  0.014214  0.007083  0.003591  0.001725  0.000904
131072   1.0  0.027940  0.014299  0.007175  0.003530  0.001797
262144   1.0  0.054539  0.028053  0.014146  0.007019  0.003588
524288   1.0  0.101730  0.054956  0.027993  0.013918  0.007215
1048576  1.0  0.186696  0.104301  0.054440  0.026929  0.014102


============================================================
Part I – Step2 Runtime: naive
============================================================
p                  1         2         4         8         16        32
n                                                                      
2        3.000000e-08       NaN       NaN       NaN       NaN       NaN
4        3.000000e-08  0.000577       NaN       NaN       NaN       NaN
8        3.000000e-08  0.001019  0.000556       NaN       NaN       NaN
16       3.000000e-08  0.001081  0.001093  0.000536       NaN       NaN
32       3.000000e-08  0.001100  0.001084  0.001086  0.000565       NaN
64       3.000000e-08  0.001091  0.001089  0.000335  0.000630  0.001028
128      3.000000e-08  0.001092  0.001085  0.001100  0.001005  0.001190
256      3.000000e-08  0.001088  0.001094  0.001091  0.001129  0.001198
512      3.000000e-08  0.001085  0.001088  0.001095  0.001122  0.001216
1024     3.000000e-08  0.001091  0.001092  0.001094  0.001128  0.001200
2048     3.000000e-08  0.001084  0.001087  0.001093  0.001119  0.001210
4096     3.000000e-08  0.001095  0.001085  0.001089  0.001116  0.001213
8192     3.000000e-08  0.001090  0.001087  0.001090  0.001117  0.001188
16384    3.000000e-08  0.001084  0.001083  0.001091  0.001119  0.001195
32768    3.000000e-08  0.001095  0.001077  0.001081  0.001118  0.001195
65536    3.000000e-08  0.001085  0.001082  0.001087  0.001117  0.001201
131072   3.000000e-08  0.001092  0.001085  0.001087  0.001118  0.001202
262144   3.000000e-08  0.001090  0.001087  0.001091  0.001125  0.001202
524288   4.000000e-08  0.001101  0.001076  0.001095  0.001123  0.001203
1048576  3.000000e-08  0.001096  0.001045  0.001089  0.001118  0.001201


============================================================
Part I – Step2 Speedup: naive
============================================================
p         1         2         4         8         16        32
n                                                             
2        1.0       NaN       NaN       NaN       NaN       NaN
4        1.0  0.000052       NaN       NaN       NaN       NaN
8        1.0  0.000029  0.000054       NaN       NaN       NaN
16       1.0  0.000028  0.000027  0.000056       NaN       NaN
32       1.0  0.000027  0.000028  0.000028  0.000053       NaN
64       1.0  0.000027  0.000028  0.000090  0.000048  0.000029
128      1.0  0.000027  0.000028  0.000027  0.000030  0.000025
256      1.0  0.000028  0.000027  0.000028  0.000027  0.000025
512      1.0  0.000028  0.000028  0.000027  0.000027  0.000025
1024     1.0  0.000027  0.000027  0.000027  0.000027  0.000025
2048     1.0  0.000028  0.000028  0.000027  0.000027  0.000025
4096     1.0  0.000027  0.000028  0.000028  0.000027  0.000025
8192     1.0  0.000028  0.000028  0.000028  0.000027  0.000025
16384    1.0  0.000028  0.000028  0.000027  0.000027  0.000025
32768    1.0  0.000027  0.000028  0.000028  0.000027  0.000025
65536    1.0  0.000028  0.000028  0.000028  0.000027  0.000025
131072   1.0  0.000027  0.000028  0.000028  0.000027  0.000025
262144   1.0  0.000028  0.000028  0.000027  0.000027  0.000025
524288   1.0  0.000036  0.000037  0.000037  0.000036  0.000033
1048576  1.0  0.000027  0.000029  0.000028  0.000027  0.000025


============================================================
Part I – Step2 Efficiency: naive
============================================================
p         1         2         4         8         16            32
n                                                                 
2        1.0       NaN       NaN       NaN       NaN           NaN
4        1.0  0.000026       NaN       NaN       NaN           NaN
8        1.0  0.000015  0.000013       NaN       NaN           NaN
16       1.0  0.000014  0.000007  0.000007       NaN           NaN
32       1.0  0.000014  0.000007  0.000003  0.000003           NaN
64       1.0  0.000014  0.000007  0.000011  0.000003  9.121140e-07
128      1.0  0.000014  0.000007  0.000003  0.000002  7.880814e-07
256      1.0  0.000014  0.000007  0.000003  0.000002  7.827516e-07
512      1.0  0.000014  0.000007  0.000003  0.000002  7.707112e-07
1024     1.0  0.000014  0.000007  0.000003  0.000002  7.810619e-07
2048     1.0  0.000014  0.000007  0.000003  0.000002  7.748453e-07
4096     1.0  0.000014  0.000007  0.000003  0.000002  7.731264e-07
8192     1.0  0.000014  0.000007  0.000003  0.000002  7.893288e-07
16384    1.0  0.000014  0.000007  0.000003  0.000002  7.847434e-07
32768    1.0  0.000014  0.000007  0.000003  0.000002  7.844217e-07
65536    1.0  0.000014  0.000007  0.000003  0.000002  7.808992e-07
131072   1.0  0.000014  0.000007  0.000003  0.000002  7.802305e-07
262144   1.0  0.000014  0.000007  0.000003  0.000002  7.799189e-07
524288   1.0  0.000018  0.000009  0.000005  0.000002  1.039036e-06
1048576  1.0  0.000014  0.000007  0.000003  0.000002  7.808992e-07


============================================================
Part I – Step2 Runtime: cube
============================================================
p                  1         2         4         8         16        32
n                                                                      
2        3.000000e-08       NaN       NaN       NaN       NaN       NaN
4        3.000000e-08  0.000552       NaN       NaN       NaN       NaN
8        3.000000e-08  0.000552  0.000552       NaN       NaN       NaN
16       3.000000e-08  0.000551  0.000556  0.000551       NaN       NaN
32       3.000000e-08  0.000553  0.000553  0.000558  0.000553       NaN
64       3.000000e-08  0.000556  0.000560  0.000549  0.000554  0.000574
128      3.000000e-08  0.000550  0.000553  0.000545  0.000554  0.000568
256      3.000000e-08  0.000551  0.000552  0.000555  0.000554  0.000571
512      3.000000e-08  0.000551  0.000549  0.000553  0.000555  0.000570
1024     3.000000e-08  0.000550  0.000549  0.000555  0.000554  0.000568
2048     3.000000e-08  0.000555  0.000558  0.000554  0.000560  0.000572
4096     3.000000e-08  0.000550  0.000554  0.000553  0.000556  0.000565
8192     3.000000e-08  0.000549  0.000555  0.000549  0.000554  0.000569
16384    3.000000e-08  0.000553  0.000549  0.000553  0.000564  0.000562
32768    3.000000e-08  0.000550  0.000548  0.000554  0.000555  0.000567
65536    3.000000e-08  0.000553  0.000548  0.000548  0.000551  0.000564
131072   3.000000e-08  0.000551  0.000552  0.000554  0.000556  0.000567
262144   3.000000e-08  0.000548  0.000551  0.000554  0.000558  0.000567
524288   3.000000e-08  0.000563  0.000562  0.000549  0.000552  0.000569
1048576  3.000000e-08  0.000553  0.000558  0.000549  0.000557  0.000564


============================================================
Part I – Step2 Speedup: cube
============================================================
p         1         2         4         8         16        32
n                                                             
2        1.0       NaN       NaN       NaN       NaN       NaN
4        1.0  0.000054       NaN       NaN       NaN       NaN
8        1.0  0.000054  0.000054       NaN       NaN       NaN
16       1.0  0.000054  0.000054  0.000054       NaN       NaN
32       1.0  0.000054  0.000054  0.000054  0.000054       NaN
64       1.0  0.000054  0.000054  0.000055  0.000054  0.000052
128      1.0  0.000055  0.000054  0.000055  0.000054  0.000053
256      1.0  0.000054  0.000054  0.000054  0.000054  0.000053
512      1.0  0.000054  0.000055  0.000054  0.000054  0.000053
1024     1.0  0.000054  0.000055  0.000054  0.000054  0.000053
2048     1.0  0.000054  0.000054  0.000054  0.000054  0.000052
4096     1.0  0.000054  0.000054  0.000054  0.000054  0.000053
8192     1.0  0.000055  0.000054  0.000055  0.000054  0.000053
16384    1.0  0.000054  0.000055  0.000054  0.000053  0.000053
32768    1.0  0.000055  0.000055  0.000054  0.000054  0.000053
65536    1.0  0.000054  0.000055  0.000055  0.000054  0.000053
131072   1.0  0.000054  0.000054  0.000054  0.000054  0.000053
262144   1.0  0.000055  0.000054  0.000054  0.000054  0.000053
524288   1.0  0.000053  0.000053  0.000055  0.000054  0.000053
1048576  1.0  0.000054  0.000054  0.000055  0.000054  0.000053


============================================================
Part I – Step2 Efficiency: cube
============================================================
p         1         2         4         8         16        32
n                                                             
2        1.0       NaN       NaN       NaN       NaN       NaN
4        1.0  0.000027       NaN       NaN       NaN       NaN
8        1.0  0.000027  0.000014       NaN       NaN       NaN
16       1.0  0.000027  0.000013  0.000007       NaN       NaN
32       1.0  0.000027  0.000014  0.000007  0.000003       NaN
64       1.0  0.000027  0.000013  0.000007  0.000003  0.000002
128      1.0  0.000027  0.000014  0.000007  0.000003  0.000002
256      1.0  0.000027  0.000014  0.000007  0.000003  0.000002
512      1.0  0.000027  0.000014  0.000007  0.000003  0.000002
1024     1.0  0.000027  0.000014  0.000007  0.000003  0.000002
2048     1.0  0.000027  0.000013  0.000007  0.000003  0.000002
4096     1.0  0.000027  0.000014  0.000007  0.000003  0.000002
8192     1.0  0.000027  0.000014  0.000007  0.000003  0.000002
16384    1.0  0.000027  0.000014  0.000007  0.000003  0.000002
32768    1.0  0.000027  0.000014  0.000007  0.000003  0.000002
65536    1.0  0.000027  0.000014  0.000007  0.000003  0.000002
131072   1.0  0.000027  0.000014  0.000007  0.000003  0.000002
262144   1.0  0.000027  0.000014  0.000007  0.000003  0.000002
524288   1.0  0.000027  0.000013  0.000007  0.000003  0.000002
1048576  1.0  0.000027  0.000013  0.000007  0.000003  0.000002


============================================================
Part I – Step2 Runtime: mpi
============================================================
p                  1         2         4         8         16        32
n                                                                      
2        4.000000e-08       NaN       NaN       NaN       NaN       NaN
4        4.000000e-08  0.000554       NaN       NaN       NaN       NaN
8        4.000000e-08  0.000554  0.000547       NaN       NaN       NaN
16       4.000000e-08  0.000553  0.000548  0.000547       NaN       NaN
32       4.000000e-08  0.000553  0.000549  0.000550  0.000559       NaN
64       4.000000e-08  0.000552  0.000366  0.000551  0.000568  0.000540
128      4.000000e-08  0.000560  0.000551  0.000445  0.000568  0.000551
256      4.000000e-08  0.000560  0.000544  0.000548  0.000563  0.000545
512      4.000000e-08  0.000551  0.000549  0.000550  0.000559  0.000540
1024     4.000000e-08  0.000552  0.000552  0.000549  0.000556  0.000550
2048     3.000000e-08  0.000553  0.000544  0.000550  0.000568  0.000551
4096     4.000000e-08  0.000552  0.000548  0.000551  0.000568  0.000556
8192     4.000000e-08  0.000551  0.000544  0.000551  0.000565  0.000549
16384    4.000000e-08  0.000552  0.000550  0.000550  0.000567  0.000544
32768    4.000000e-08  0.000553  0.000548  0.000554  0.000559  0.000548
65536    3.000000e-08  0.000551  0.000557  0.000551  0.000574  0.000549
131072   4.000000e-08  0.000552  0.000547  0.000549  0.000560  0.000551
262144   5.000000e-08  0.000549  0.000549  0.000552  0.000560  0.000550
524288   7.000000e-08  0.000560  0.000543  0.000550  0.000561  0.000545
1048576  8.000000e-08  0.000553  0.000545  0.000551  0.000573  0.000554


============================================================
Part I – Step2 Speedup: mpi
============================================================
p         1         2         4         8         16        32
n                                                             
2        1.0       NaN       NaN       NaN       NaN       NaN
4        1.0  0.000072       NaN       NaN       NaN       NaN
8        1.0  0.000072  0.000073       NaN       NaN       NaN
16       1.0  0.000072  0.000073  0.000073       NaN       NaN
32       1.0  0.000072  0.000073  0.000073  0.000072       NaN
64       1.0  0.000072  0.000109  0.000073  0.000070  0.000074
128      1.0  0.000071  0.000073  0.000090  0.000070  0.000073
256      1.0  0.000071  0.000073  0.000073  0.000071  0.000073
512      1.0  0.000073  0.000073  0.000073  0.000072  0.000074
1024     1.0  0.000072  0.000072  0.000073  0.000072  0.000073
2048     1.0  0.000054  0.000055  0.000055  0.000053  0.000054
4096     1.0  0.000072  0.000073  0.000073  0.000070  0.000072
8192     1.0  0.000073  0.000074  0.000073  0.000071  0.000073
16384    1.0  0.000072  0.000073  0.000073  0.000071  0.000074
32768    1.0  0.000072  0.000073  0.000072  0.000072  0.000073
65536    1.0  0.000054  0.000054  0.000054  0.000052  0.000055
131072   1.0  0.000072  0.000073  0.000073  0.000071  0.000073
262144   1.0  0.000091  0.000091  0.000091  0.000089  0.000091
524288   1.0  0.000125  0.000129  0.000127  0.000125  0.000128
1048576  1.0  0.000145  0.000147  0.000145  0.000140  0.000144


============================================================
Part I – Step2 Efficiency: mpi
============================================================
p         1         2         4         8         16        32
n                                                             
2        1.0       NaN       NaN       NaN       NaN       NaN
4        1.0  0.000036       NaN       NaN       NaN       NaN
8        1.0  0.000036  0.000018       NaN       NaN       NaN
16       1.0  0.000036  0.000018  0.000009       NaN       NaN
32       1.0  0.000036  0.000018  0.000009  0.000004       NaN
64       1.0  0.000036  0.000027  0.000009  0.000004  0.000002
128      1.0  0.000036  0.000018  0.000011  0.000004  0.000002
256      1.0  0.000036  0.000018  0.000009  0.000004  0.000002
512      1.0  0.000036  0.000018  0.000009  0.000004  0.000002
1024     1.0  0.000036  0.000018  0.000009  0.000004  0.000002
2048     1.0  0.000027  0.000014  0.000007  0.000003  0.000002
4096     1.0  0.000036  0.000018  0.000009  0.000004  0.000002
8192     1.0  0.000036  0.000018  0.000009  0.000004  0.000002
16384    1.0  0.000036  0.000018  0.000009  0.000004  0.000002
32768    1.0  0.000036  0.000018  0.000009  0.000004  0.000002
65536    1.0  0.000027  0.000013  0.000007  0.000003  0.000002
131072   1.0  0.000036  0.000018  0.000009  0.000004  0.000002
262144   1.0  0.000046  0.000023  0.000011  0.000006  0.000003
524288   1.0  0.000063  0.000032  0.000016  0.000008  0.000004
1048576  1.0  0.000072  0.000037  0.000018  0.000009  0.000005


============================================================
Part II – Total Runtime: stacked
============================================================
p                  1         2         4         8         16        32
n                                                                      
2        5.000000e-08       NaN       NaN       NaN       NaN       NaN
4        5.000000e-08  0.000551       NaN       NaN       NaN       NaN
8        5.000000e-08  0.000557  0.000557       NaN       NaN       NaN
16       7.000000e-08  0.000554  0.000549  0.000551       NaN       NaN
32       6.000000e-08  0.000555  0.000552  0.000549  0.000569       NaN
64       6.000000e-08  0.000560  0.000463  0.000556  0.000562  0.000566
128      8.000000e-08  0.001098  0.000550  0.000560  0.000570  0.000559
256      1.100000e-07  0.001085  0.001080  0.000563  0.000567  0.000573
512      1.900000e-07  0.001088  0.001094  0.001095  0.000570  0.000577
1024     3.200000e-07  0.001096  0.001090  0.001094  0.001110  0.000573
2048     5.600000e-07  0.001106  0.001106  0.001092  0.001095  0.001096
4096     1.060000e-06  0.001095  0.001095  0.001099  0.001103  0.001098
8192     2.050000e-06  0.001104  0.001110  0.001094  0.001120  0.001104
16384    4.050000e-06  0.001113  0.001116  0.001106  0.001123  0.001105
32768    7.990000e-06  0.001136  0.001100  0.001124  0.000953  0.001121
65536    1.591100e-05  0.001193  0.001122  0.001111  0.001183  0.001088
131072   3.177100e-05  0.001159  0.001148  0.001155  0.001134  0.001168
262144   6.347300e-05  0.001363  0.001351  0.001341  0.001351  0.001338
524288   1.279040e-04  0.001750  0.001626  0.001901  0.001776  0.001800
1048576  2.788100e-04  0.002980  0.003351  0.003490  0.002813  0.002614


============================================================
Part II – Total Speedup: stacked
============================================================
p         1         2         4         8         16        32
n                                                             
2        1.0       NaN       NaN       NaN       NaN       NaN
4        1.0  0.000091       NaN       NaN       NaN       NaN
8        1.0  0.000090  0.000090       NaN       NaN       NaN
16       1.0  0.000126  0.000128  0.000127       NaN       NaN
32       1.0  0.000108  0.000109  0.000109  0.000106       NaN
64       1.0  0.000107  0.000130  0.000108  0.000107  0.000106
128      1.0  0.000073  0.000145  0.000143  0.000140  0.000143
256      1.0  0.000101  0.000102  0.000195  0.000194  0.000192
512      1.0  0.000175  0.000174  0.000173  0.000333  0.000329
1024     1.0  0.000292  0.000294  0.000292  0.000288  0.000558
2048     1.0  0.000506  0.000506  0.000513  0.000512  0.000511
4096     1.0  0.000968  0.000968  0.000965  0.000961  0.000965
8192     1.0  0.001856  0.001847  0.001874  0.001831  0.001858
16384    1.0  0.003640  0.003630  0.003662  0.003608  0.003664
32768    1.0  0.007034  0.007263  0.007108  0.008382  0.007126
65536    1.0  0.013335  0.014180  0.014320  0.013446  0.014626
131072   1.0  0.027409  0.027672  0.027504  0.028021  0.027204
262144   1.0  0.046562  0.046998  0.047338  0.046993  0.047422
524288   1.0  0.073107  0.078648  0.067267  0.072023  0.071047
1048576  1.0  0.093551  0.083195  0.079885  0.099099  0.106680


============================================================
Part II – Total Efficiency: stacked
============================================================
p         1         2         4         8         16        32
n                                                             
2        1.0       NaN       NaN       NaN       NaN       NaN
4        1.0  0.000045       NaN       NaN       NaN       NaN
8        1.0  0.000045  0.000022       NaN       NaN       NaN
16       1.0  0.000063  0.000032  0.000016       NaN       NaN
32       1.0  0.000054  0.000027  0.000014  0.000007       NaN
64       1.0  0.000054  0.000032  0.000013  0.000007  0.000003
128      1.0  0.000036  0.000036  0.000018  0.000009  0.000004
256      1.0  0.000051  0.000025  0.000024  0.000012  0.000006
512      1.0  0.000087  0.000043  0.000022  0.000021  0.000010
1024     1.0  0.000146  0.000073  0.000037  0.000018  0.000017
2048     1.0  0.000253  0.000127  0.000064  0.000032  0.000016
4096     1.0  0.000484  0.000242  0.000121  0.000060  0.000030
8192     1.0  0.000928  0.000462  0.000234  0.000114  0.000058
16384    1.0  0.001820  0.000907  0.000458  0.000225  0.000115
32768    1.0  0.003517  0.001816  0.000888  0.000524  0.000223
65536    1.0  0.006667  0.003545  0.001790  0.000840  0.000457
131072   1.0  0.013705  0.006918  0.003438  0.001751  0.000850
262144   1.0  0.023281  0.011750  0.005917  0.002937  0.001482
524288   1.0  0.036554  0.019662  0.008408  0.004501  0.002220
1048576  1.0  0.046775  0.020799  0.009986  0.006194  0.003334


============================================================
Part II – Step2 Runtime: stacked
============================================================
p                  1         2         4         8         16        32
n                                                                      
2        3.000000e-08       NaN       NaN       NaN       NaN       NaN
4        3.000000e-08  0.000551       NaN       NaN       NaN       NaN
8        3.000000e-08  0.000557  0.000557       NaN       NaN       NaN
16       4.000000e-08  0.000554  0.000548  0.000551       NaN       NaN
32       3.000000e-08  0.000555  0.000552  0.000549  0.000569       NaN
64       3.000000e-08  0.000560  0.000463  0.000556  0.000562  0.000566
128      3.000000e-08  0.001098  0.000550  0.000560  0.000570  0.000559
256      3.000000e-08  0.001085  0.001080  0.000563  0.000567  0.000573
512      4.000000e-08  0.001088  0.001094  0.001095  0.000570  0.000577
1024     5.000000e-08  0.001096  0.001089  0.001094  0.001110  0.000573
2048     4.000000e-08  0.001105  0.001106  0.001092  0.001095  0.001096
4096     4.000000e-08  0.001095  0.001095  0.001099  0.001103  0.001098
8192     5.000000e-08  0.001103  0.001110  0.001094  0.001119  0.001103
16384    6.000000e-08  0.001111  0.001115  0.001105  0.001122  0.001105
32768    5.000000e-08  0.001132  0.001098  0.001123  0.000952  0.001121
65536    6.000000e-08  0.001185  0.001118  0.001109  0.001182  0.001087
131072   9.000000e-08  0.001143  0.001140  0.001151  0.001132  0.001167
262144   1.000000e-07  0.001332  0.001335  0.001333  0.001347  0.001336
524288   1.000000e-07  0.001686  0.001595  0.001886  0.001768  0.001796
1048576  2.469100e-05  0.002850  0.003288  0.003458  0.002797  0.002605


============================================================
Part II – Step2 Speedup: stacked
============================================================
p         1         2         4         8         16        32
n                                                             
2        1.0       NaN       NaN       NaN       NaN       NaN
4        1.0  0.000054       NaN       NaN       NaN       NaN
8        1.0  0.000054  0.000054       NaN       NaN       NaN
16       1.0  0.000072  0.000073  0.000073       NaN       NaN
32       1.0  0.000054  0.000054  0.000055  0.000053       NaN
64       1.0  0.000054  0.000065  0.000054  0.000053  0.000053
128      1.0  0.000027  0.000055  0.000054  0.000053  0.000054
256      1.0  0.000028  0.000028  0.000053  0.000053  0.000052
512      1.0  0.000037  0.000037  0.000037  0.000070  0.000069
1024     1.0  0.000046  0.000046  0.000046  0.000045  0.000087
2048     1.0  0.000036  0.000036  0.000037  0.000037  0.000037
4096     1.0  0.000037  0.000037  0.000036  0.000036  0.000036
8192     1.0  0.000045  0.000045  0.000046  0.000045  0.000045
16384    1.0  0.000054  0.000054  0.000054  0.000053  0.000054
32768    1.0  0.000044  0.000046  0.000045  0.000053  0.000045
65536    1.0  0.000051  0.000054  0.000054  0.000051  0.000055
131072   1.0  0.000079  0.000079  0.000078  0.000080  0.000077
262144   1.0  0.000075  0.000075  0.000075  0.000074  0.000075
524288   1.0  0.000059  0.000063  0.000053  0.000057  0.000056
1048576  1.0  0.008664  0.007510  0.007140  0.008826  0.009477


============================================================
Part II – Step2 Efficiency: stacked
============================================================
p         1         2         4         8         16        32
n                                                             
2        1.0       NaN       NaN       NaN       NaN       NaN
4        1.0  0.000027       NaN       NaN       NaN       NaN
8        1.0  0.000027  0.000013       NaN       NaN       NaN
16       1.0  0.000036  0.000018  0.000009       NaN       NaN
32       1.0  0.000027  0.000014  0.000007  0.000003       NaN
64       1.0  0.000027  0.000016  0.000007  0.000003  0.000002
128      1.0  0.000014  0.000014  0.000007  0.000003  0.000002
256      1.0  0.000014  0.000007  0.000007  0.000003  0.000002
512      1.0  0.000018  0.000009  0.000005  0.000004  0.000002
1024     1.0  0.000023  0.000011  0.000006  0.000003  0.000003
2048     1.0  0.000018  0.000009  0.000005  0.000002  0.000001
4096     1.0  0.000018  0.000009  0.000005  0.000002  0.000001
8192     1.0  0.000023  0.000011  0.000006  0.000003  0.000001
16384    1.0  0.000027  0.000013  0.000007  0.000003  0.000002
32768    1.0  0.000022  0.000011  0.000006  0.000003  0.000001
65536    1.0  0.000025  0.000013  0.000007  0.000003  0.000002
131072   1.0  0.000039  0.000020  0.000010  0.000005  0.000002
262144   1.0  0.000038  0.000019  0.000009  0.000005  0.000002
524288   1.0  0.000030  0.000016  0.000007  0.000004  0.000002
1048576  1.0  0.004332  0.001878  0.000893  0.000552  0.000296

